79 49 43 33 -54 89 35 -99 77 82 -97 -36 80 -46 27 -9 68 49 -1 -55
17 -39 -93 -3 -94 -54 73 35 -57 -62 39 72 -52 -27 86 27 -61 56 35 -41
18 -31 37 48 28 -29 72 -32 -55 1 92 4 32 94 -90 -5 5 -82 98 -68
90 50 -16 -85 -71 8 -60 -80 91 -28 -22 63 -54 -33 -19 25 57 -94 -59 -86
44 -5 -88 -72 32 51 -89 2 56 -16 14 55 -78 55 -39 58 3 -22 -31 -85
-82 63 -90 -66 76 -4 59 13 -48 18 -25 -32 54 14 5 -61 -52 -38 -29 58
-20 -55 15 -33 29 -91 -71 60 -16 -70 -34 -94 92 65 56 -69 -24 64 -56 -71
-51 -3 36 -17 -78 -44 7 34 89 -25 60 -41 35 -88 45 27 -35 37 63 -28
-4 18 -99 -41 54 -32 68 -5 26 -75 -44 32 81 8 31 -3 -61 32 48 23
26 -99 4 62 -22 89 11 -80 -25 -94 60 45 73 26 -70 52 3 -91 -9 50
27 20 70 34 -99 9 29 -9 -12 41 -9 74 -98 25 -98 -11 -70 -10 -77 -61
92 37 7 -54 37 -57 76 -43 32 11 -99 -72 -91 61 -91 -82 -66 -59 -66 -56
-81 21 -32 -49 73 -4 86 49 -70 14 -93 88 -9 65 53 34 46 -80 -36 72
17 44 25 -90 -79 -64 -87 -33 -90 2 -88 -28 17 -22 -36 -92 82 56 72 59
-20 -23 -78 80 -51 82 48 39 32 80 72 38 73 69 72 -9 -93 -27 65 93
1 -13 25 60 19 -40 43 60 -6 -99 47 2 56 -49 -96 80 -81 70 36 -86
67 -15 49 -50 82 -37 24 -61 77 -44 54 -30 -46 -23 -74 54 76 39 -92 13
-46 -21 98 37 90 -75 -35 -11 -27 77 -22 -21 -32 88 16 -43 4 -83 93 65
37 29 -31 -23 -27 -42 8 -35 88 -26 15 -25 42 -80 -7 64 52 -95 20 -63
32 25 -61 93 -51 -65 50 -55 0 67 -48 -74 -93 -38 -43 79 1 -86 42 -27